2.06
-76.38
396.80
182.98
364.45
-0.09
228.03
-64.34
-65.47
-18.73
47.72
338.06
-63.22
329.79
326.72
298.90
-43.32
312.13
20.86
318.93
-11.33
-64.37
313.89
311.91
324.07
326.55
26.24
8.96
-32.13
81.87
-60.58
245.41
303.20
273.79
304.89
272.97
300.90
37.91
265.60
261.87
-57.01
-49.60
-68.76
-62.47
113.05
-73.40
73.55
258.92
105.55
271.00
106.13
258.89
251.57
269.64
-71.04
104.03
-35.61
17.57
251.17
230.32
2.48
294.79
264.24
272.54
227.82
325.90
315.72
307.68
226.96
109.69
316.64
309.57
316.03
258.36
60.51
317.82
310.34
290.36
169.79
317.19
306.30
309.55
210.59
313.05
70.18
295.22
323.04
319.35
48.25
315.80
295.63
327.47
310.99
303.32
319.19
133.66
309.99
296.62
174.70
312.52
325.38
235.74
301.38
304.04
327.07
304.94
321.50
315.21
324.37
305.79
312.38
318.66
287.34
317.13
287.84
160.44
336.74
306.80
310.12
305.26
319.27
330.04
300.86
321.65
123.16
311.35
202.71
289.66
296.97
324.91
315.10
295.99
330.38
320.49
179.57
154.67
298.58
336.42
296.96
321.70
281.03
299.65
297.95
316.70
311.02
317.11
318.64
286.23
313.55
321.56
331.78
300.43
304.52
310.85
330.51
317.41
320.03
290.94
230.57
323.98
305.33
297.33
292.52
298.78
323.77
329.84
311.57
313.86
167.65
309.84
291.75
329.69
186.98
330.21
310.71
318.48
297.23
298.04
314.85
317.77
311.34
305.29
330.67
200.64
305.35
296.16
294.88
294.40
323.82
308.85
321.10
305.85
103.29
312.00
329.01
49.64
310.33
324.70
47.16
301.74
286.50
281.77
-4.77
280.62
320.36
308.23
311.92
327.70
304.04
303.67
309.60
298.88
309.60
323.47
281.18
330.73
314.35
273.77
314.69
278.42
301.06
312.09
330.90
309.00
305.77
326.90
308.31
292.17
304.25
296.27
310.87
299.66
294.44
308.43
287.52
302.05
283.83
315.14
291.40
296.28
175.52
318.27
265.61
76.57
305.10
299.55
287.65
92.95
305.23
296.59
294.93
301.00
326.99
209.49
304.59
308.93
300.00
308.99
287.49
292.84
301.48
113.28
294.26
297.43
296.69
287.81
320.33
298.05
296.99
302.47
308.57
304.55
308.69
308.82
311.54
318.06
292.54
27.45
285.11
307.99
280.09
281.06
316.62
307.73
281.11
29.92
297.46
280.94
302.06
299.98
315.85
290.99
293.19
111.53
296.46
209.73
316.16
305.45
299.08
304.22
282.91
295.24
300.80
134.49
316.03
297.40
309.29
289.01
309.33
310.61
283.15
300.27
289.54
282.50
287.65
310.92
313.88
310.67
300.47
297.49
228.84
288.03
298.14
290.93
297.05
304.44
318.98
289.45
136.82
288.14
26.08
19.99
145.33
293.74
293.05
56.23
105.48
294.35
285.57
290.93
290.21
293.00
301.25
275.91
287.82
299.06
310.59
287.45
283.37
297.49
101.19
161.37
116.67
225.66
303.90
309.47
298.77
290.76
290.08
305.07
299.07
297.77
302.06
290.90
286.71
295.05
294.78
274.28
281.91
174.93
266.88
300.79
302.63
88.17
308.45
288.94
289.87
299.37
295.45
273.56
140.29
297.52
304.88
290.43
120.21
274.09
264.08
318.27
302.77
295.11
301.10
84.22
267.47
294.74
308.02
278.51
274.43
288.85
291.25
293.03
11.27
307.27
306.06
302.66
291.52
291.37
283.42
286.20
277.05
267.58
282.72
296.53
295.85
294.49
302.97
282.08
296.52
286.73
272.09
301.31
273.18
304.79
314.31
277.78
168.00
302.85
306.18
270.16
284.22
296.45
301.94
298.87
299.94
119.74
73.78
211.13
295.62
70.49
303.20
284.11
144.27
300.58
285.35
271.94
273.06
294.95
281.24
299.84
256.97
311.15
287.98
284.39
279.65
292.22
290.06
300.58
286.64
296.40
306.59
307.17
278.59
300.59
290.25
318.61
284.81
168.94
288.48
285.98
309.47
296.53
301.79
284.72
278.81
271.74
298.69
253.56
292.52
280.94
292.72
278.11
265.29
266.23
278.02
279.13
304.52
-28.96
317.30
291.08
287.00
286.53
287.48
123.59
304.82
295.39
287.55
166.06
299.54
275.64
291.36
278.37
306.18
311.09
274.65
291.77
286.14
295.42
299.66
321.95
304.56
292.56
298.12
290.62
289.88
288.16
103.64
297.09
290.48
290.06
294.64
303.21
291.94
287.23
301.63
300.30
293.43
280.79
290.75
299.70
298.04
295.63
304.76
275.92
271.91
269.02
275.61
295.16
297.76
311.78
293.14
290.69
288.05
280.83
310.94
279.35
282.76
297.06
297.77
286.17
286.04
288.81
330.02
281.39
284.31
272.80
314.08
296.92
278.67
299.24
259.13
302.60
297.82
291.83
298.94
284.38
272.55
284.30
302.86
297.71
295.96
276.84
297.94
291.68
274.18
-17.58
285.49
271.63
298.67
301.34
307.33
285.79
292.53
283.72
280.05
275.30
273.20
288.60
277.09
287.54
87.17
271.92
269.57
292.31
293.35
296.19
278.95
302.00
273.94
257.23
270.97
288.95
283.55
297.37
291.75
296.43
264.14
264.55
261.96
305.51
276.32
240.12
292.96
298.60
272.93
312.95
291.21
294.41
268.60
264.27
282.31
285.84
279.70
290.07
271.79
280.57
275.88
270.18
281.52
288.43
302.25
283.52
276.66
279.75
227.60
268.55
269.27
294.18
303.63
288.25
311.01
278.15
265.52
288.87
271.87
278.17
261.12
247.52
262.66
298.24
43.71
292.98
297.75
285.18
305.73
299.49
278.26
281.52
275.10
274.67
277.97
284.99
291.52
257.59
283.39
188.46
230.62
288.42
296.36
284.97
273.93
279.91
273.88
267.92
303.54
274.55
295.77
284.78
211.97
262.38
250.92
292.80
294.72
285.93
280.01
280.64
250.78
268.87
275.68
287.51
267.83
280.39
287.21
257.82
284.65
284.00
200.01
275.22
274.82
282.04
290.27
297.96
285.56
285.77
283.34
13.78
236.04
283.95
277.78
283.94
280.77
13.47
281.34
264.11
292.93
249.41
275.35
262.50
274.59
294.99
262.40
293.20
267.06
279.63
262.89
282.29
265.01
287.77
285.95
299.31
265.90
276.31
266.43
285.05
296.71
262.68
290.05
277.51
296.67
280.84
279.34
277.44
282.99
280.16
278.07
270.01
272.70
294.80
294.72
277.08
273.25
303.29
289.09
287.55
288.05
269.72
305.66
278.03
264.91
287.63
281.09
276.96
273.77
265.76
269.40
287.02
269.60
162.48
274.62
273.29
287.72
275.66
278.80
300.07
274.11
279.15
274.65
254.09
279.10
274.55
286.69
280.69
270.07
294.69
289.83
278.88
251.90
261.55
252.73
259.33
280.58
272.64
249.52
276.15
257.73
240.03
138.92
274.34
263.24
243.56
260.36
273.47
270.53
245.39
276.66
290.58
266.54
264.81
259.67
276.54
275.94
278.47
275.62
272.64
258.84
285.44
259.54
269.52
274.48
281.53
270.96
287.15
265.36
269.28
252.30
277.47
279.76
266.19
262.10
258.72
261.35
253.65
279.73
281.19
274.77
256.54
268.36
292.98
217.95
273.69
263.81
275.83
269.84
284.32
276.18
262.49
259.08
276.35
263.90
263.84
274.49
287.55
269.93
278.80
257.11
274.90
257.67
292.61
282.47
304.03
276.82
265.06
286.93
274.62
279.04
275.94
271.85
264.72
269.07
290.32
268.33
248.32
276.81
281.73
272.36
274.00
283.23
270.77
269.36
268.33
259.56
165.40
240.25
284.44
264.61
251.85
256.48
273.33
292.14
244.99
294.33
257.96
255.53
269.41
260.10
267.08
275.27
254.34
256.29
256.88
266.11
286.35
267.25
279.57
255.17
284.18
257.22
275.81
266.61
270.23
287.97
266.37
272.68
269.76
263.24
262.33
253.28
272.54
288.05
280.54
284.61
274.84
268.37
272.66
256.78
259.05
250.79
267.02
261.45
244.09
275.14
258.43
268.87
251.83
274.29
276.35
282.83
270.22
268.96
270.80
257.56
260.20
276.59
264.12
271.05
260.04
256.96
296.05
40.81
276.57
259.41
255.19
278.42
247.70
274.36
271.57
263.35
258.22
272.75
247.98
257.61
245.07
261.72
249.22
271.96
274.19
264.44
255.06
273.06
257.38
276.46
250.28
258.20
285.92
262.88
248.33
255.09
260.79
254.71
272.29
263.17
279.07
271.95
255.66
252.96
255.79
291.66
259.47
246.26
257.10
257.07
212.47
262.81
258.86
273.63
260.01
266.25
244.61
259.95
271.63
238.61
260.62
